name: cvplt
channels:
  - conda-forge
  - defaults
dependencies:
  - brotli=1.0.9=h2bbff1b_7
  - brotli-bin=1.0.9=h2bbff1b_7
  - bzip2=1.0.8=hcfcfb64_5
  - ca-certificates=2024.3.11=haa95532_0
  - contourpy=1.2.0=py312h59b6b97_0
  - cycler=0.11.0=pyhd3eb1b0_0
  - eigen=3.4.0=h91493d7_0
  - ffmpeg=4.2.3=ha925a31_0
  - fonttools=4.25.0=pyhd3eb1b0_0
  - freetype=2.12.1=hdaf720e_2
  - glib=2.80.0=h39d0aa6_1
  - glib-tools=2.80.0=h0a98069_1
  - gst-plugins-base=1.18.5=h9e645db_0
  - gstreamer=1.18.5=hd78058f_0
  - hdf5=1.12.1=nompi_h57737ce_104
  - icu=58.2=ha925a31_3
  - intel-openmp=2024.0.0=h57928b3_49841
  - jpeg=9e=hcfcfb64_3
  - kiwisolver=1.4.4=py312hd77b12b_0
  - krb5=1.21.2=heb0366b_0
  - lerc=3.0=hd77b12b_0
  - libblas=3.9.0=8_mkl
  - libbrotlicommon=1.0.9=h2bbff1b_7
  - libbrotlidec=1.0.9=h2bbff1b_7
  - libbrotlienc=1.0.9=h2bbff1b_7
  - libcblas=3.9.0=8_mkl
  - libclang=12.0.0=default_h627e005_2
  - libcurl=8.6.0=hd5e4a3a_0
  - libdeflate=1.17=h2bbff1b_1
  - libexpat=2.6.2=h63175ca_0
  - libffi=3.4.2=h8ffe710_5
  - libglib=2.80.0=h39d0aa6_1
  - libiconv=1.17=hcfcfb64_2
  - liblapack=3.9.0=8_mkl
  - libogg=1.3.4=h8ffe710_1
  - libpng=1.6.43=h19919ed_0
  - libprotobuf=3.20.3=h12be248_0
  - libsqlite=3.45.2=hcfcfb64_0
  - libssh2=1.11.0=h7dfc565_0
  - libtiff=4.5.1=hd77b12b_0
  - libvorbis=1.3.7=h0e60522_0
  - libwebp=1.3.2=hcfcfb64_1
  - libwebp-base=1.3.2=hcfcfb64_0
  - libxml2=2.10.4=h0ad7f3c_1
  - libxslt=1.1.37=h2bbff1b_1
  - libzlib=1.2.13=hcfcfb64_5
  - matplotlib=3.8.0=py312haa95532_0
  - matplotlib-base=3.8.0=py312hc7c4135_0
  - mkl=2020.4=hb70f87d_311
  - munkres=1.1.4=py_0
  - numpy=1.26.4=py312h8753938_0
  - opencv=4.6.0=py312h14b9924_5
  - openjpeg=2.4.0=h4fc8c34_0
  - openssl=3.2.1=hcfcfb64_1
  - packaging=23.2=py312haa95532_0
  - pcre2=10.43=h17e33f8_0
  - pillow=10.2.0=py312h2bbff1b_0
  - pip=24.0=pyhd8ed1ab_0
  - ply=3.11=py312haa95532_1
  - pyparsing=3.0.9=py312haa95532_0
  - pyqt=5.15.10=py312hd77b12b_0
  - pyqt5-sip=12.13.0=py312h2bbff1b_0
  - python=3.12.2=h2628c8c_0_cpython
  - python-dateutil=2.8.2=pyhd3eb1b0_0
  - python_abi=3.12=4_cp312
  - qt-main=5.15.2=he8e5bd7_7
  - qt-webengine=5.15.9=h5bd16bc_7
  - qtwebkit=5.212=h2bbfb41_5
  - setuptools=69.2.0=pyhd8ed1ab_0
  - sip=6.7.12=py312hd77b12b_0
  - six=1.16.0=pyhd3eb1b0_1
  - sqlite=3.45.2=hcfcfb64_0
  - tk=8.6.13=h5226925_1
  - tornado=6.3.3=py312h2bbff1b_0
  - tzdata=2024a=h0c530f3_0
  - ucrt=10.0.22621.0=h57928b3_0
  - vc=14.3=hcf57466_18
  - vc14_runtime=14.38.33130=h82b7239_18
  - vs2015_runtime=14.38.33130=hcb4865c_18
  - wheel=0.43.0=pyhd8ed1ab_0
  - xz=5.4.6=h8cc25b3_0
  - zlib=1.2.13=hcfcfb64_5
  - zstd=1.5.5=h12be248_0
prefix: C:\Users\User\anaconda3\envs\cvplt
